500.000000 2154519388.467505 187365835921.350006 0.011498 1.559298 -1.547799 1.722332 1.373266 -1.373266
504.000000 2206441132.732898 193435521286.642731 0.011406 1.559390 -1.547984 1.722517 1.373451 -1.373451
508.000000 2259190100.321470 199651489076.058075 0.011315 1.559481 -1.548166 1.722699 1.373633 -1.373633
512.000000 2312772824.039621 206016070809.563629 0.011226 1.559571 -1.548345 1.722878 1.373812 -1.373812
516.000000 2367195836.656051 212531616439.630127 0.011138 1.559659 -1.548521 1.723054 1.373988 -1.373988
520.000000 2422465670.902350 219200494351.225525 0.011051 1.559745 -1.548694 1.723227 1.374162 -1.374162
524.000000 2478588859.473568 226025091361.809174 0.010966 1.559831 -1.548865 1.723398 1.374332 -1.374332
528.000000 2535571935.028779 233007812721.326172 0.010881 1.559915 -1.549033 1.723566 1.374500 -1.374500
532.000000 2593421430.191621 240151082112.201874 0.010799 1.559998 -1.549199 1.723732 1.374666 -1.374666
536.000000 2652143877.550841 247457341649.336456 0.010717 1.560079 -1.549362 1.723895 1.374829 -1.374829
540.000000 2711745809.660809 254929051880.099426 0.010637 1.560159 -1.549523 1.724056 1.374990 -1.374990
