6
157
100
60
88
84
172
159
81
110
49
88
135
66
78
77
132
118
186
49
190
65
36
41
5
21
181
65
52
60
166
95
113
133
90
127
112
70
109
185
60
100
53
1
135
129
175
102
189
173
85
101
100
168
31
46
31
87
119
95
92
149
162
167
1
188
68
30
70
4
123
60
151
11
55
71
65
157
96
185
151
102
128
144
93
70
90
127
165
77
124
166
112
103
161
182
32
73
2
120
35
93
142
126
122
2
103
2
163
16
80
101
20
162
75
195
9
76
159
85
103
71
19
134
178
163
172
51
12
181
141
45
79
41
55
73
157
106
30
97
78
55
191
76
114
80
63
100
55
82
6
167
157
86
172
152
16
129
154
142
174
80
76
189
50
106
13
139
64
26
139
94
26
21
61
181
42
161
139
12
112
143
29
36
159
18
95
106
163
120
3
167
134
41
175
32
59
133
128
150
34
11
87
128
126
144
179
136
163
116
128
76
196
67
190
174
28
130
149
14
123
17
71
190
163
112
190
22
92
133
41
41
149
149
1
167
99
184
96
181
191
130
68
106
27
159
40
140
5
199
69
26
136
123
175
155
151
119
146
39
35
200
119
164
39
31
89
76
74
22
93
100
60
195
9
48
93
75
164
181
82
73
167
192
145
31
58
190
8
19
146
59
81
54
26
22
25
194
39
21
9
98
9
29
155
110
142
45
17
30
137
155
171
39
3
127
200
124
193
71
95
151
175
194
54
40
186
33
10
13
116
67
104
107
180
120
116
147
108
72
64
1
167
173
104
193
82
142
147
115
179
22
164
193
191
21
18
62
152
164
20
73
127
110
161
137
38
37
103
156
122
43
98
115
119
123
64
40
52
55
75
131
144
19
15
193
36
114
172
143
107
31
101
61
97
79
18
166
176
197
60
190
144
61
119
61
55
181
125
156
39
41
40
165
176
119
39
112
158
146
21
99
124
130
151
10
120
36
149
128
145
30
154
12
183
70
199
151
66
35
77
92
13
44
34
97
196
192
109
14
20
158
37
108
42
142
152
191
78
7
32
15
161
18
170
156
21
6
145
120
133
190
65
41
93
8
120
30
147
160
90
138
93
188
28
63
125
97
144
118
123
86
147
44
1
119
12
166
21
109
103
128
74
132
152
34
40
109
163
93
37
93
27
133
132
142
106
23
133
4
17
140
189
163
112
22
136
15
40
27
124
115
151
192
192
198
124
144
156
187
131
37
3
9
91
150
30
155
54
130
